                n_train  pos_rate_train  own_acc  own_auc  own_ece  common_acc  common_auc  sex_dp_diff  sex_tpr_gap  race_tpr_gap
variant model                                                                                                                     
T25     hgb     15135.0          0.6587   0.8330   0.8956   0.0169      0.8369      0.8969       0.1225       0.0503        0.1302
        logreg  15135.0          0.6587   0.8225   0.8821   0.0148      0.8338      0.8855       0.1260       0.0562        0.1241
        rf      15135.0          0.6587   0.8144   0.8840   0.0838      0.8293      0.8914       0.1029       0.0372        0.0209
T50     hgb     15135.0          0.3645   0.8061   0.8837   0.0141      0.8111      0.8809       0.2052       0.1566        0.2842
        logreg  15135.0          0.3645   0.8091   0.8818   0.0162      0.8087      0.8759       0.1863       0.1333        0.2957
        rf      15135.0          0.3645   0.7909   0.8694   0.0906      0.7925      0.8685       0.2105       0.1944        0.2503
T85     hgb     15135.0          0.1666   0.8713   0.8832   0.0106      0.8686      0.8778       0.1231       0.2324        0.2149
        logreg  15135.0          0.1666   0.8735   0.8835   0.0131      0.8690      0.8805       0.1287       0.2487        0.0794
        rf      15135.0          0.1666   0.8496   0.8719   0.0559      0.8437      0.8742       0.0481       0.1657        0.1368
                 own_acc         own_auc         own_ece        
                    mean     std    mean     std    mean     std
variant   model                                                 
corrected hgb     0.7467  0.0155  0.7693  0.0177  0.1164  0.0215
          logreg  0.7493  0.0201  0.7744  0.0261  0.0694  0.0161
          rf      0.7367  0.0113  0.7607  0.0217  0.0456  0.0230
statlog   hgb     0.7693  0.0123  0.7929  0.0175  0.1003  0.0155
          logreg  0.7627  0.0183  0.8073  0.0185  0.0547  0.0179
          rf      0.7560  0.0072  0.8043  0.0205  0.0664  0.0177
