                     n_train  own_acc  own_auc  own_ece  common_acc  common_auc  common_ece  sex_dp_diff  sex_tpr_gap  race_tpr_gap
variant      model                                                                                                                 
V0           hgb     35873.0   0.8749   0.9289   0.0103      0.8702      0.9249      0.0130       0.1634       0.0584        0.0763
             logreg  35873.0   0.8518   0.9064   0.0109      0.8522      0.9049      0.0137       0.1635       0.0521        0.0842
             rf      35873.0   0.8637   0.9169   0.0247      0.8614      0.9146      0.0292       0.1549       0.0572        0.0919
V1_workforce hgb     33609.0   0.8714   0.9285   0.0103      0.8706      0.9253      0.0121       0.1640       0.0533        0.0336
             logreg  33609.0   0.8481   0.9056   0.0111      0.8523      0.9048      0.0127       0.1653       0.0603        0.0831
             rf      33609.0   0.8610   0.9167   0.0268      0.8612      0.9144      0.0305       0.1548       0.0534        0.0954
V3_drop      hgb     32977.0   0.8701   0.9271   0.0079      0.8706      0.9254      0.0130       0.1597       0.0385        0.0205
             logreg  32977.0   0.8498   0.9060   0.0114      0.8528      0.9049      0.0141       0.1613       0.0446        0.0533
             rf      32977.0   0.8607   0.9159   0.0257      0.8608      0.9140      0.0306       0.1545       0.0612        0.0828
V3_impute    hgb     35873.0   0.8742   0.9285   0.0100      0.8699      0.9250      0.0142       0.1628       0.0712        0.0610
             logreg  35873.0   0.8504   0.9050   0.0100      0.8512      0.9045      0.0168       0.1597       0.0626        0.0719
             rf      35873.0   0.8634   0.9168   0.0236      0.8596      0.9141      0.0295       0.1553       0.0730        0.0867
V4_dedup     hgb     35840.0   0.8748   0.9291   0.0084      0.8694      0.9251      0.0124       0.1602       0.0494        0.0441
             logreg  35840.0   0.8518   0.9068   0.0107      0.8522      0.9050      0.0124       0.1631       0.0538        0.0786
             rf      35840.0   0.8633   0.9170   0.0248      0.8601      0.9140      0.0300       0.1540       0.0570        0.0982
V5_hist      hgb     29876.0   0.8726   0.9262   0.0067      0.8678      0.9247      0.0136       0.1627       0.0449        0.0452
             logreg  29876.0   0.8526   0.9056   0.0076      0.8528      0.9044      0.0138       0.1606       0.0445        0.0450
             rf      29876.0   0.8658   0.9151   0.0263      0.8619      0.9142      0.0313       0.1581       0.0693        0.0858
V5_uniform   hgb     35873.0   0.8722   0.9285   0.0087      0.8691      0.9251      0.0137       0.1644       0.0553        0.0352
             logreg  35873.0   0.8507   0.9068   0.0119      0.8520      0.9051      0.0142       0.1636       0.0525        0.0777
             rf      35873.0   0.8623   0.9171   0.0253      0.8604      0.9142      0.0305       0.1558       0.0695        0.0869
